-33.342,-65.36,-15.202
-20.975,-74.36,-8.8435
-19.722,-85.735,-12.295
-36.243,-86.2,-7.4472
-22.058,-96.229,-7.6878
-43.575,-74.991,4.6348
-7.6855,-93.143,-1.9637
-25.751,-92.829,5.9855
-37.347,-82.917,14.027
-14.964,-93.817,16.942
-26.833,-81.933,22.422
-25.351,-54.461,-7.9665
-14.204,-61.785,-4.6589
-7.2978,-76.006,-3.6781
-13.64,-49.945,-0.82035
-7.9805,-77.89,7.9778
-18.96,-63.359,6.2356
-4.8351,-87.134,21.484
-11.395,-73.233,22.497
-13.804,-83.482,34.69
-8.1641,-10.262,44.507
-39.666,-13.841,47.01
-44.824,-29.659,52.613
-41.593,-23.114,52.496
-6.0077,-21.392,50.306
-33.792,-19.547,59.677
-5.0981,-7.012,60.234
-31.488,-30.557,59.495
-26.737,-37.152,63.163
-22.729,-12.638,64.08
-9.4446,-40.935,64.774
-5.779,-25.287,65.634
-18.387,-44.523,66.993
-17.806,-32.064,66.75
-16.983,-25.829,65.755
-47.777,-14.576,2.3442
-52.255,-26.279,8.59
-37.875,-12.206,14.82
-35.241,-25.123,14.305
-49.344,-15.684,15.863
-53.538,-39.36,18.718
-43.663,-31.613,19.035
-59.892,-6.1189,14.791
-56.579,-21.1,20.617
-55.494,-8.7727,28.065
-46.994,-10.252,40.338
-48.211,-17.488,41.618
-34.039,-41.072,-20.333
-45.85,-50.382,-15.896
-42.729,-69.735,-7.385
-45.193,-67.295,14.255
-21.236,-76.03,39.57
-25.715,-67.574,39.364
-17.28,-66.297,54.156
-25.905,-56.965,56.634
-50.894,-62.664,1.6191
-55.72,-22.065,34.213
-52.517,-31.722,41.11
-40.324,-36.346,45.738
-29.83,-45.78,59.643
-15.177,-55.139,62.979
-31.763,-4.3078,51.782
-20.269,5.6682,59.92
-55.692,-43.235,27.076
-56.795,-31.085,24.536
-39.181,-4.4403,-5.7901
-33.52,18.833,7.5331
-37.764,1.3776,10.716
-51.79,-1.3343,7.6313
-11.38,-33.214,44.303
-7.328,-49.722,57.576
-6.5752,7.6435,41.181
-12.985,-5.6822,68.321
-58.354,-37.513,36.145
-27.631,43.99,26.224
-36.809,32.297,32.043
-32.908,25.284,-1.2637
-45.489,12.742,3.0739
-6.5692,27.767,27.384
-22.451,21.327,-18.726
-9.6969,22.508,-20.361
-10.958,47.578,-20.156
-20.043,60.684,-4.5568
-30.575,-5.5438,-37.329
-51.443,-19.743,-29.863
-40.216,-20.94,-26.144
-29.166,8.109,-32.236
-42.907,3.1566,-16.486
-56.581,-53.429,-7.7626
-33.181,-61.152,43.933
-45.97,-41.783,44.432
-28.913,-57.269,47.786
-33.44,-47.676,46.701
-27.612,6.781,54.642
-40.072,40.729,13.667
-49.419,8.3277,19.691
-43.168,23.66,23.168
-40.664,12.796,33.538
-46.701,1.3131,36.705
-2.4537,0.80481,31.201
-58.095,-37.489,-16.88
-51.788,-49.57,41.62
-40.707,-51.136,44.799
-40.845,46.941,-3.7021
-28.04,53.376,8.8753
-5.2736,23.589,47.321
-10.692,-68.221,32.04
-10.122,-72.246,45.538
-7.3721,-61.654,54.209
-4.052,-28.139,28.148
-43.716,-63.662,39.811
-24.679,32.378,38.18
-23.751,20.084,49.129
-4.4941,-50.87,17.202
-6.467,-55.217,30.576
-4.7956,-36.354,36.089
-2.643,-16.189,37.737
-6.4494,-55.882,44.143
-6.2267,37.7,-9.0976
-7.2474,58.466,2.4002
-7.7075,44.024,10.798
-45.149,8.742,-31.825
-57.15,-12.176,-19.213
-51.865,-25.119,-6.1804
-57.675,-38.934,-2.4874
-46.292,-60.819,23.404
-54.674,-52.428,27.292
-17.606,58.578,19.481
-5.9979,47.108,32.041
-14.919,43.388,40.83
-11.263,21.949,58.993
-7.2092,6.8086,63.091
-37.496,17.359,45.533
-41.135,4.5844,46.833
-33.167,19.593,-13.62
-31.325,40.913,-12.423
-45.162,32.359,-8.207
-46.66,29.122,2.2467
-50.145,22.356,11.085
-37.159,-77.194,31.753
-9.2978,-50.956,6.6312
-13.061,-60.514,17.479
-21.686,-21.657,-23.991
-28.779,-34.629,-16.157
-14.806,-39.011,-8.092
-53.269,2.6168,-10.327
-55.72,-13.22,-6.1918
-58.124,-31.268,3.4751
-55.218,-45.136,10.235
-51.686,-53.97,11.166
35.582,-45.873,-19.259
26.371,-53.859,-8.4072
26.304,-75.209,-10.882
43.381,-76.89,-5.7353
7.924,-87.034,-6.9088
24.516,-92.499,-5.8408
13.079,-93.51,2.5133
34.461,-86.025,4.5188
19.124,-94.664,13.675
41.662,-77.451,14.13
27.686,-82.924,22.963
17.312,-36.094,-9.8078
9.7921,-71.934,-2.197
13.69,-56.687,-2.5458
16.803,-45.349,-0.98287
10.531,-75.231,8.9113
21.544,-60.227,7.5097
11.319,-87.243,23.404
13.518,-73.78,27.156
21.01,-78.986,40.875
49.879,-14.731,47.669
43.779,-10.378,45.337
47.494,-24.719,51.119
7.8837,-9.0764,49.447
38.353,-24.42,54.548
33.786,-33.873,58.034
34.227,-18.549,58.729
10.419,-40.735,62.858
5.4708,-24.283,64.053
23.246,-29.667,63.943
23.334,-35.329,66.148
20.256,-25.108,63.556
16.059,-13.104,69.715
12.758,-38.633,73.023
12.608,-30.51,70.241
52.731,-12.798,3.6179
36.437,-20.35,11.993
40.441,-9.1929,14.234
60.445,-28.081,12.86
42.888,-28.733,18.616
57.984,-0.58855,12.307
54.996,-14.869,16.586
59.158,-5.4044,25.681
49.361,-8.9329,34.956
47.491,-55.619,-11.87
46.476,-65.131,7.611
49.28,-57.22,13.419
34.42,-74.8,26.615
26.989,-66.134,43.225
16.927,-67.625,54.028
32.694,-50.371,49.928
25.814,-55.843,58.147
57.102,-15.871,36.136
51.895,-25.808,41.899
39.816,-32.96,45.119
32.848,-41.389,58.005
9.5003,-54.69,59.647
20.059,-47.54,65.987
34.914,-3.5025,51.851
24.735,-8.6215,61.798
61.083,-37.13,24.81
54.087,-30.206,26.184
60.008,-20.343,26.768
59.728,-30.668,37.906
48.207,3.047,40.001
38.493,3.6815,-14.171
40.461,-8.6268,-5.3195
38.719,5.2453,6.8865
50.565,4.949,4.9305
7.1388,6.7396,40.351
7.5123,-15.018,40.617
11.257,-33.117,43.635
11.181,-35.607,51.767
7.056,-1.1238,61.989
14.841,3.9015,67.047
55.812,-42.152,37.86
41.556,42.877,11.574
33.425,43.01,24.768
26.116,48.12,25.389
33.56,21.263,-8.4584
38.259,21.45,4.0703
7.8167,27.569,29.998
6.1718,18.043,51.976
14.343,22.982,-19.905
25.965,22.87,-17.684
4.7932,23.555,-20.799
11.078,49.244,-20.6
8.4732,62.875,-4.0274
40.922,-2.3381,-40.71
31.664,9.9706,-33.472
27.736,-9.3395,-32.837
52.897,-20.686,-28.656
42.525,-23.066,-25.971
45.861,7.8302,-15.635
55.613,-55.299,0.39031
33.449,-65.064,41.083
48.063,-36.819,45.546
37.91,-42.821,43.855
24.27,6.7031,57.313
51.722,13.727,15.015
44.878,30.667,20.842
50.409,7.5571,25.546
41.885,15.162,29.835
4.0531,-3.791,31.432
59.549,-38.611,-13.525
50.708,-54.47,39.811
47.43,-46.931,45.254
38.784,-55.382,44.88
37.108,30.81,35.86
40.67,15.128,43.172
30.903,13.897,51.773
30.695,43.925,-12.657
21.845,60.992,-5.6211
39.947,50.771,-3.5955
28.897,55.145,6.8161
5.8831,37.71,41.868
13.977,-68.62,37.863
7.5081,-48.648,46.31
7.4764,-64.237,50.039
5.7025,-28.546,27.709
60.151,-13.323,-18.363
50.994,-55.199,25.152
44.451,-65.107,38.895
24.935,27.763,44.629
5.9524,-53.579,25.623
6.2169,-36.325,35.962
8.2097,-57.656,38.555
5.814,39.309,-9.61
8.5643,43.449,7.5767
16.453,61.414,17.663
7.4831,53.122,19.75
4.4742,20.859,22.466
60.951,-34.3,-2.5859
49.369,7.949,-28.213
15.991,45.512,39.7
13.559,23.175,58.326
42.415,31.951,-12.584
48.617,32.877,-1.5132
51.373,25.204,10.56
44.968,-69.621,27.125
9.844,-50.134,9.2015
17.241,-58.645,20.527
28.162,-29.935,-18.432
53.512,-5.5404,-12.332
50.115,-23.187,-6.1336
61.193,-23.131,2.0265
51.206,-35.346,3.8162
53.619,-47.04,11.553
57.264,-39.423,14.821
54.355,-46.851,25.192
